.Random.seed <-
c(403L, 10L, -1694166709L, 261891241L, 1504409080L, 653638950L, 
-701243839L, 1106646995L, -734655102L, 120578484L, -865645257L, 
-2135832531L, -336890556L, 923759210L, 270195925L, 41613935L, 
1140846454L, -1419382624L, 1913596259L, -612021759L, -2092025488L, 
-1081431794L, -1583760519L, -492604661L, -1889240006L, 1749556028L, 
1936642175L, -113691691L, 26680812L, -2022461630L, -924905315L, 
-155580137L, -1250459522L, 1872975928L, -272732389L, -187106183L, 
1996383432L, -1998994186L, 1875629361L, -299645597L, 1688536882L, 
803328132L, 2055580871L, -559972451L, 192908052L, 1422875066L, 
1701490693L, 1774577119L, -411060122L, -197474320L, -989277933L, 
2013777585L, 1143892320L, 769457918L, -336307575L, -250268229L, 
-1893167222L, -395233684L, -913389585L, -289570779L, 1316884700L, 
120895154L, -1746830931L, -1202713241L, 1506146958L, -889822360L, 
938097515L, -2071927543L, 1308285848L, -2051073338L, -1658552287L, 
2005255347L, -1015499230L, 1721927700L, 1953410199L, -2017474931L, 
-2062358620L, -1227122294L, 1128244725L, 1257871439L, -992899242L, 
-1509939712L, 1186117443L, 1029500641L, -277205936L, -286837586L, 
791916633L, -1183731605L, -2146957862L, 543600284L, -841891681L, 
554916597L, -1308874868L, -1582258590L, 1532656189L, 112895159L, 
-1559471266L, -538394984L, -481051141L, 298753945L, -1151657944L, 
-2003418922L, 1904297297L, 73479171L, 298908562L, -907552476L, 
-1311154201L, -1112226755L, 2101875380L, -2145279718L, 1907774053L, 
2092463871L, 770435974L, 2009115920L, 666797491L, 140490321L, 
-932022784L, -1921821986L, -1439481559L, -1620185893L, -2029904918L, 
1982917516L, 1356311759L, -689597307L, 1806999356L, -2144641518L, 
-289325811L, 1490748999L, 191347758L, -584015480L, -451872629L, 
596202089L, -2055516616L, 494061286L, -1103191423L, -254145005L, 
523123138L, 753234548L, -48180105L, -681034387L, -907582972L, 
466780458L, 1310373525L, -1485103825L, 988719158L, -460293024L, 
-1617415517L, -1996380735L, 142258608L, 568946894L, 1546251833L, 
1542230091L, 357655034L, -310256388L, 2122953023L, -1889497579L, 
-1375466196L, -865354238L, 631579869L, 1068040151L, -701834562L, 
1405050104L, 722059995L, 1198635321L, -362316664L, -265335754L, 
832280689L, 1022323363L, -1023897614L, 385672004L, 1489792007L, 
-1393178147L, -542181676L, -1260086790L, -1388104379L, 519332255L, 
496124710L, -1586701392L, -1360017325L, 1930707825L, 14242464L, 
1761429054L, -398135991L, 720794619L, -732710966L, -474830548L, 
-290446033L, 248785893L, -1867337060L, 359053042L, 340780909L, 
1654960295L, -737275186L, 1896407080L, -204121045L, -2033570231L, 
147179352L, -26947066L, -1471988767L, -1956669069L, 756177378L, 
209706324L, 994939991L, 1113249869L, -1333666844L, 2085198282L, 
1701732405L, 1798700687L, 1920782230L, -562851008L, -1789731325L, 
2091090977L, 657221392L, -1272406802L, 627868825L, 1412862251L, 
-1974409190L, 704045788L, -1035681057L, -1427735371L, 1383569996L, 
1956816546L, -1992897027L, -1293998345L, -1930498018L, -1067326760L, 
-1012349381L, 1394979801L, 994509160L, 1409860320L, 1145973346L, 
-261954904L, 667667020L, 1841000316L, 1670026546L, 2114291312L, 
1152570180L, 1174931416L, -1936095366L, 625358384L, 1742743484L, 
-2050230700L, 856625218L, -1735749472L, -634505540L, -1277261360L, 
-1483644062L, 300196584L, -941858612L, 1997627900L, -80399886L, 
2011138688L, 1975524852L, -1083443576L, -1684996294L, -154168496L, 
-526177172L, 1778893204L, -1441352622L, 357179872L, 1023671500L, 
21931168L, -1619290750L, -942782232L, -1164445972L, -981461700L, 
-2069017486L, -410572688L, 1379631140L, -1928877000L, -557953254L, 
-1461285680L, 282648380L, -2091677804L, 1276326786L, 1916692928L, 
-971669956L, 175326608L, 1332649506L, -1780931320L, 1549192844L, 
309100316L, -239869806L, 95746432L, -1419729388L, 962117416L, 
-249923014L, -870089264L, 1525508460L, 1499284404L, -1992968174L, 
-288131616L, -1110382644L, -841350944L, -634406878L, -2086559448L, 
-1133552116L, 539191100L, 1208312818L, 330644208L, 900320836L, 
-1248902568L, -318214342L, 1852990960L, -329869636L, -506988268L, 
584270530L, 741217376L, -636312708L, -1901971504L, 1715724578L, 
756882088L, -962405492L, -1971570500L, -1569927374L, 745523776L, 
325213364L, 430998088L, 1882908090L, 1954587152L, -994692372L, 
-770907820L, 166551826L, 972246432L, -116817204L, 882548320L, 
688879554L, 373098280L, -2082017364L, -1189723332L, 1807739250L, 
-1929422032L, -696529628L, 2043800376L, -1669103910L, -851064944L, 
-2057679108L, -135451756L, 1556447298L, -1782549248L, 924877884L, 
-1066270384L, 1717489826L, 1094058312L, -163227892L, 1566286556L, 
-974410414L, 240501888L, 318685268L, -722202648L, -912357126L, 
-532976816L, -1180041428L, 650168692L, 2035674002L, -583907232L, 
-1819513460L, 1402461024L, 271473122L, 2140582824L, 766096588L, 
294035452L, -521198158L, -548760080L, 421383108L, 929219928L, 
-1987749510L, 1722450864L, 398633404L, -1266411436L, -609798206L, 
-158371808L, -1944790852L, 367243856L, -706874398L, -209600408L, 
2129593420L, -1514751748L, 763464690L, -136754944L, -1470570124L, 
-752931832L, -678912070L, 996651472L, -1592673300L, -1638121068L, 
650105298L, 2110353760L, 35286860L, -1969227488L, 1750826882L, 
192704232L, -1181499156L, -1016138692L, 132184946L, 1010851440L, 
1215419428L, -1685984456L, -1445892966L, 648393424L, -7266116L, 
347631252L, 1873090178L, -587257664L, -242801860L, 1992711312L, 
158309922L, -451833848L, 1990098188L, 736472220L, 1185447442L, 
1454768000L, -1709142508L, 1518840360L, 1063826746L, 255953360L, 
1014920300L, -535525068L, 1314403986L, 305892192L, 2039386956L, 
808949728L, -137152606L, -1600600152L, -170185332L, 419965116L, 
-1683650190L, -283822864L, 465195076L, -64036520L, 427009594L, 
1939094384L, 1251031100L, -238026988L, 1557931458L, -356451616L, 
-797853828L, 999325392L, 50886818L, -1960178648L, -1378826996L, 
-1103738948L, 735283506L, 933153216L, 1888619060L, 96877512L, 
-1365067590L, -1502877296L, 505967084L, 626336340L, -392834926L, 
1191784224L, -1037211188L, 533665248L, 1981527746L, -599210968L, 
1452869850L, -579110705L, -1998437223L, -748296018L, 2075579836L, 
-323457491L, 1883400663L, -606666720L, 1366091134L, 677436235L, 
905404749L, -2011562118L, -327626312L, -814853279L, -743300333L, 
1377598260L, -1146136254L, 1708440919L, 728406177L, 1240969574L, 
61662052L, 1069992597L, 1729301439L, -77979816L, -90720906L, 
1558976387L, -759042619L, 1664512738L, 1776597840L, 1446463097L, 
1211083179L, -561004772L, 1318275146L, 1625013311L, -639558519L, 
68106398L, -2041457332L, 1804154141L, -699608921L, -1075634224L, 
-1052649618L, 599580187L, -1454020739L, -1570181782L, -524778488L, 
-521712463L, 1406167843L, 465377316L, 1007213266L, -785330393L, 
-1103343247L, -947972170L, 1131121492L, 1471485413L, 2016096239L, 
1060720424L, 1556199302L, 28836787L, -546282731L, -1828618894L, 
1365901760L, 1965625897L, -1081551205L, 368213868L, -427137158L, 
1863893167L, -1221346375L, 2072923598L, 1633614108L, -508367731L, 
750035191L, -813642752L, -14274978L, 606933291L, 948957741L, 
352055962L, -749580712L, -1465560639L, 1119485555L, 864451476L, 
-2006715870L, -1184785097L, 1147919361L, 1568063750L, -1546910396L, 
677070965L, 996477407L, -918137544L, 272475926L, -545724637L, 
61109477L, 1138823426L, -1841364112L, -1093780711L, 656349963L, 
2052204540L, 370123818L, -809981857L, 571080681L, 757309694L, 
-596963092L, -2066025411L, -640972793L, 1917752304L, 610819982L, 
1964195259L, -270558307L, 872915274L, -1234015896L, -1608097967L, 
-675144637L, -1969126076L, -243120654L, -1965862969L, 1341665681L, 
725402902L, 762969460L, 1994996741L, 17599567L, -671702968L, 
-1661954586L, 1359358739L, -2068525963L, 1493956178L, 1946521760L, 
-2026772087L, -724440645L, 1457481228L, 181387162L, -456825073L, 
607477081L, -1862756370L, 1840938620L, 206800621L, -1493487209L, 
-585786784L, 297898046L, 17463563L, 1513929613L, -743884614L, 
